55330
62713
63031
54733
63855
208913
41843
104212
33739
57197
212100
42301
59214
53920
42926
253273
33974
99126
55143
144063
59656
71277
75848
109449
57802
137091
103571
79654
61451
104341
74845
64379
74960
85015
63135
48189
65581
63394
65175
44876
65133
76394
64065
79713
59020
61194
63854
58729
58984
104031
64315
64700
63972
59002
63991
65538
45599
49063
54550
59506
65088
59870
65512
63604
54640
65677
49077
56721
60090
50174
55486
51903
65429
64094
54018
53561
54304
63488
66156
65029
60878
47837
63495
63542
46925
45883
62146
57576
58856
52173
62303
54360
63442
56261
55982
64734
60621
54858
66293
65291
66955
70181
68321
55104
61575
63689
61958
60382
61930
45463
52576
51339
53213
45398
64731
64424
64887
61857
62051
254421
86722
251924
113288
369156
325845
55932
68966
56188
52319
257138
65262
66020
53732
274631
64276
165540
69608
388888
93348
131263
172362
68041
431202
290607
415597
300569
246618
106610
274402
176989
58586
240499
56525
67675
206488
166417
65566
221219
75981
99029
96076
55836
88996
185968
75576
63918
87879
61186
88774
63414
91731
90104
77633
73718
61458
119375
107459
63663
63607
76681
50738
54730
84411
47617
64876
48037
65401
58764
53870
65044
60227
54510
64415
51799
42838
63098
52711
64099
56138
64118
56414
50365
65445
47574
53021
50976
60792
52729
44097
63076
63782
63935
63166
59995
63331
50643
59621
65315
60183
125240
63371
65289
53122
63305
191790
370244
361505
98049
414729
131433
404029
389527
121326
413294
103041
136016
181994
365672
232482
388324
223855
109030
422932
245765
361396
114316
65099
184221
430431
244863
179900
241560
225397
286617
250828
195221
78729
111332
233555
138127
213567
109738
113458
367350
246299
98768
421248
353401
262020
97666
237880
174905
127912
72155
90375
106100
119782
64160
93285
327676
213689
84197
154226
63712
101088
114071
146410
70533
107864
250143
101405
194547
168126
60354
72893
318620
75986
64403
74882
70343
68745
207975
154294
148738
119958
379202
77387
52545
88828
63305
78089
67916
85962
91463
64149
70190
61161
92926
96552
65893
125587
81341
74101
199433
63539
84074
77619
70584
130723
73099
74098
73796
104029
67874
103695
145393
84185
74627
85910
69138
62602
80734
81146
81006
76690
95039
81118
57191
109909
84898
80598
140405
95228
84483
57817
70038
84125
116222
82272
100928
60206
112423
56819
74364
78712
148884
81198
65079
76357
62180
55720
34197
34778
36307
42928
98306
37721
64238
34226
123368
46707
66165
43693
42934
59273
43294
42805
62613
267401
35021
62040
103717
114307
33917
62831
66668
61407
43178
72768
62517
35850
44711
61434
193770
67382
115063
41660
102796
249332
42826
178951
122648
34096
36906
60840
44436
63139
35974
37161
36817
51016
33793
37957
63414
67251
95215
66526
94407
61359
44426
63652
33500
37131
69841
65966
36594
34224
107430
60219
42956
54225
99837
67676
228290
125426
180643
64109
65709
193393
34190
64932
67560
35345
122514
110558
102435
244672
127267
116248
121358
125005
145421
196358
99596
104844
125603
100836
183564
117387
90055
68170
171269
72742
91032
73148
100705
66444
93001
103620
73628
57663
99724
61254
69240
79203
53710
84464
291994
137103
74439
59488
74533
86518
105148
73588
125849
69674
96499
78071
74769
70773
53405
104271
72925
97893
78371
161913
118687
71665
70474
63765
53237
51991
55342
86303
80169
211925
63408
64320
379449
272003
51145
63350
59202
134453
64938
51193
59667
115526
63955
55543
60478
47916
63411
487912
106284
127023
83288
54502
64147
64600
62538
63465
57265
63617
56532
52121
63616
63280
65479
212953
65085
64828
65143
63695
54120
93146
85361
57844
64509
78054
82004
72356
87284
84065
76081
81881
104505
93089
89010
87608
78713
86148
67123
70065
108764
75389
116068
67271
66065
68726
85251
88732
169412
79634
68498
86394
127187
66118
94621
116036
87172
67765
104070
89437
93905
89055
78063
77015
123720
114516
83519
90125
89198
69801
77915
63647
50465
60703
45418
63962
54626
53719
54225
65013
63973
44359
65416
54037
63481
51727
42290
62730
64953
47997
43874
63550
48220
64003
65597
46590
63812
61636
58562
83072
59962
65755
50279
79417
88521
64215
62239
51722
57094
64612
80478
62779
44257
44991
59058
61255
63067
61274
76545
54630
59185
43150
64601
60797
77582
41880
62724
63030
58156
75720
79810
64253
51515
62964
63802
60577
42562
54576
64443
50770
43004
45580
44986
61674
47955
63991
98005
74246
79065
62841
63878
58514
55460
45643
46217
52285
54277
83032
62425
63166
95626
60371
64115
88528
45957
55873
98906
73656
98052
63076
69768
92741
81215
66271
82387
73688
59665
75728
70527
65327
104462
89910
90088
83951
87692
57584
85879
76499
65543
64185
59923
60031
89662
54441
53153
186181
60655
45645
52032
64826
46887
56824
63655
65336
63222
64351
64198
64160
59791
51693
63845
52570
64991
57510
65221
158626
48019
54228
44713
64489
63515
69782
53904
64241
64608
60108
44394
63405
80927
187285
141751
37144
55081
34741
42762
64458
43029
42924
34315
42431
43146
63655
34230
59491
42178
58122
35723
53295
43392
49105
65419
57138
43251
64322
50229
70953
62195
34744
35448
58520
36480
34647
43195
64313
36017
43502
42998
36273
42648
56397
42911
36472
34377
42953
41980
42706
62526
37267
34845
51724
36027
64510
64179
35119
49753
59662
38636
47825
322510
263501
301530
226816
256966
198934
270629
215243
258990
275881
253829
84073
512055
399156
387871
203415
215874
230064
242707
214982
274863
344312
313007
207108
421190
467695
224017
193055
227873
245173
345949
139726
167501
242915
61551
250358
469663
231114
77917
174792
384544
440136
271639
253780
80253
177375
410151
171370
104827
248377
339873
185274
166203
72662
240535
108334
327293
443212
152161
77745
203321
127042
68745
67403
82526
53166
72952
76460
85071
103898
104335
109248
68005
67979
88520
82522
69179
59546
58895
59997
64165
62834
64595
59937
60822
63045
61331
58490
62215
59540
61084
146910
59592
65509
62217
57447
46597
88333
64374
61307
58040
69158
62070
61471
58121
60855
89586
56835
54431
65657
49028
82202
65752
56976
53550
49492
64486
49366
49143
59083
64861
64096
46326
62854
61571
81487
65032
48253
57623
43963
49998
91379
60890
56433
53025
44168
60535
53919
75332
58136
63817
63973
55244
57226
63124
63914
77320
83543
54436
64969
57698
56659
61209
65226
48427
43975
133305
68590
171299
59177
84473
58393
67950
74281
94192
75517
65286
72906
77242
85105
102814
69634
61742
92078
78081
64626
97368
78068
260579
85600
139050
84662
156297
81290
97634
113893
68368
290189
86460
61688
83295
69058
105583
91863
89142
84803
52681
150819
83177
65283
64904
64505
91793
152008
353688
150143
276824
71517
177016
93605
78181
166808
86368
69946
89847
122205
267494
118813
146839
278455
197255
86707
109106
89027
76906
178223
93320
91120
254837
265933
249809
361297
258149
70029
62325
304509
124155
147113
232066
206152
409473
82985
279335
55670
82879
251339
114678
113935
218343
75850
114882
98794
98514
246523
383924
218766
277033
274559
83144
164597
104384
465814
235712
515348
50030
52469
299609
283862
94838
100238
308628
282372
152529
73885
83359
305499
66926
73486
97605
263951
87719
151288
238606
220473
107905
97834
70283
58683
64444
111179
83686
47328
64665
57565
44211
59987
64179
63804
65659
62586
62109
65425
89031
95993
76542
70524
65330
86670
45514
64453
98273
103478
64889
65302
57182
84857
65535
44783
45872
90636
44585
83217
132044
64405
62926
95764
131892
136506
62292
65801
59623
58061
64141
64255
62763
93366
107284
91755
92208
89643
131883
44314
83163
34242
65390
56019
64687
64151
63385
43846
64611
52491
96819
34584
64317
65177
35428
44478
44064
34678
38028
58391
35142
68303
44970
35215
71610
123481
63580
62477
59048
63948
60090
44566
68391
64122
63290
202721
38311
63924
64591
65756
244806
64003
35836
102925
61154
33340
65311
34130
35691
100472
58655
36336
54029
43446
35557
63866
65547
44517
58334
64195
64014
65518
36336
63355
81254
64186
60203
37357
51821
71459
44427
65791
61741
144535
49632
63413
105189
60308
63779
63738
60241
51555
33631
64191
44054
87130
58770
36306
64065
54935
50228
65218
63643
82283
68324
63731
43838
53130
64229
52115
95878
64748
41371
75727
64298
64265
33982
64545
53915
55849
58815
211368
43731
53972
34741
34246
49521
56643
64703
51413
64193
63416
36777
302596
62418
207986
118608
163397
377186
238281
165947
343219
208099
148619
361729
237581
220110
251354
244071
200012
178997
204439
408828
197040
396292
197486
165947
99583
189292
397006
315304
189986
189062
222803
216900
805564
171766
181651
225962
419225
84188
92913
83710
61167
72992
91793
71102
80347
72170
74936
61898
64261
59480
69860
88673
94611
70548
93602
145076
68568
86500
123295
248175
70328
100084
208531
231906
72819
64207
63804
58288
65220
51564
57935
62824
49742
55737
64627
43592
45473
63330
63719
59503
51400
64179
64838
89930
49985
80599
63735
63746
64273
78911
75802
63167
63289
50427
49514
56024
69114
56907
55622
53218
54897
50625
214053
311481
202821
62512
197336
102567
65900
64885
100619
128093
127251
124816
218864
131363
130183
426068
440805
262424
157505
213188
291203
193788
279491
199234
219257
420749
206576
135641
183939
117499
310604
203735
200037
128067
424486
475163
103913
237740
247230
121183
167682
327904
205062
203064
380733
439984
297982
114546
471151
463345
178268
212277
224038
243917
108067
192442
195847
223568
72412
158497
418287
99684
86340
81995
90715
55964
58627
85195
100897
51393
72260
68615
99977
79227
83558
87209
69051
82206
65193
65418
45327
48623
65873
66939
65000
56172
65650
115110
64497
86966
64961
59318
74774
66430
61200
94667
63790
60827
64929
80205
47430
64910
64208
64926
59184
64333
53748
64201
63453
46363
64369
63578
49957
52685
65144
64603
78454
112051
64243
50270
63708
64162
69900
63364
65656
55268
56856
51738
50591
54846
63979
65011
53018
65157
51271
63983
107170
56335
52653
73303
63807
63420
63975
63828
65184
87873
111358
49342
56394
46010
62969
49886
62451
63078
66395
51698
50798
65685
76185
109650
59560
48158
63571
65087
64849
57710
56556
119020
54968
53799
53568
63210
51952
53831
62481
57918
63946
64611
63940
67083
55330
62713
63031
54733
63855
208913
41843
104212
33739
57197
212100
42301
59214
53920
42926
253273
33974
99126
55143
126870
64710
243448
33441
63399
35713
42690
45764
88213
35785
102580
80816
213760
43873
42196
41763
34055
33277
41981
33470
35932
58954
41910
246265
42262
41757
187509
42623
49648
48696
37083
94295
46485
179931
35826
42979
87924
282295
57123
35144
36987
210662
81283
123873
41384
33411
33337
33964
75151
78423
78158
100314
95263
63305
72338
65972
99442
66386
119692
53604
87694
90938
67718
77088
133410
89876
97676
85120
61442
120991
76905
78943
78563
77057
95463
76061
76653
70550
113753
173803
83949
114983
105267
107115
81112
85244
98893
82066
69952
77729
125486
122351
67532
193490
79214
84940
61675
66651
317188
63789
86954
78540
78470
68533
70050
83925
120508
91284
100801
70785
101093
55072
41668
47720
51898
57089
46344
63575
56256
64107
64378
58037
63723
51939
71406
47488
64449
49452
63557
64362
63899
58306
56574
65478
56201
48315
49683
65161
63563
63420
59881
84562
49384
64337
75417
64410
45779
52706
46781
46480
49152
63853
46343
44140
63823
55247
64614
63196
77320
50898
60528
45768
58993
62801
58286
54918
64640
47189
42894
51820
63411
61808
63136
62256
41327
51795
56039
64868
59611
56136
58810
45608
63386
64365
61237
64721
46038
43630
65206
62402
63865
45873
48863
65126
64305
49735
64220
64501
65523
63930
207417
63643
55004
64972
53549
61085
47936
64076
62416
231469
201391
129138
220618
188299
126641
96291
61015
184650
385602
58839
181569
171135
71921
234346
274616
121054
54807
177895
280017
165821
99956
229891
187408
90602
81977
212757
103572
256892
79981
98337
68770
92975
110027
89272
71525
74935
66034
58163
64489
75872
79205
81972
100316
76517
103562
72014
72274
87137
50289
57513
63435
63680
90522
196873
82043
65762
62354
63719
65122
49172
64963
65202
65225
99953
49748
69840
93994
145771
68676
87792
93766
34132
42793
45360
44160
55340
54974
44628
51212
63091
34901
46914
43607
59375
58888
65136
220738
50619
62843
34482
49051
52249
65326
64374
35624
54421
34561
43549
56511
92180
44213
64777
54781
37537
64319
51839
51900
55668
62974
64945
44299
51970
62388
62396
112848
64119
63356
48583
63692
63385
44358
54498
61747
64451
63606
65379
59218
47279
63214
52599
63683
64841
56853
55454
43469
62994
53102
44936
64182
63437
63682
65070
55117
65221
57914
48702
42306
63683
37182
38943
63039
63283
34138
63656
61830
46210
33869
61838
64126
42051
49360
48725
34071
56447
50814
64611
46153
64504
58431
45522
51409
49537
45366
64606
49771
35053
65338
411109
223750
308247
122299
231452
111686
386654
438959
243830
117331
124449
126979
261353
172887
247040
83664
230045
196562
327396
323329
98797
434836
120685
324338
118754
83958
283022
159428
468500
105057
173116
188603
105295
108180
230537
444178
284472
71947
145487
158989
114458
207096
122886
109162
71839
226040
99617
91342
73802
85818
160527
85549
83106
208161
62869
87013
65129
64017
45227
60786
81706
54913
51055
48996
84998
64688
62904
80073
49470
296181
49851
49928
75575
86909
84070
115569
200941
52171
60925
54005
56419
88077
53618
87364
87201
54907
64434
86192
60873
83987
64225
71705
64495
88134
63027
63517
65138
55444
85774
65775
131761
99295
119532
107524
67332
103885
87474
146966
99318
307270
105680
219786
292933
139597
173154
220976
234948
96767
101818
208572
101394
112522
211765
119094
114474
240456
122025
97072
94952
194974
282637
141603
215469
246013
222953
101784
70354
264832
99987
117992
197107
138020
71984
97800
75829
182968
218793
91454
242859
278495
74915
78346
128676
102701
93492
68633
130325
98385
78638
78655
129554
70247
67263
83457
143669
123085
98165
64762
92599
150194
63455
288701
278782
110389
110418
82848
103578
75341
271986
432748
99151
278316
74190
297457
116478
68293
96688
66530
161272
86439
89532
90971
78784
276232
96059
81971
75341
111293
95881
107514
115495
83384
104432
102327
91584
65441
64329
61063
63919
62078
65100
58639
59863
65888
69809
57902
84762
54381
356031
217597
61800
61349
130279
64694
64746
47403
53139
238178
63909
82508
104033
111329
105729
62230
98635
208779
62698
50875
58717
129220
274244
52118
53226
65766
63896
65355
45371
57631
60248
61429
65059
63676
48336
59993
47387
49350
63441
64138
62008
62293
64080
62124
59438
65700
47512
65400
62486
63551
62254
62931
64254
64195
62709
64476
47145
65089
62510
50528
55916
61819
61602
55176
64835
58093
65031
63575
63294
91786
68540
104570
59154
97982
78498
71919
76104
98444
73593
93185
94732
78748
459011
464672
70456
64543
81305
77526
444294
111975
428300
104898
442784
64832
137411
164599
428687
